1 432 394 29 14
2 57 42 12 16
3 138 913 22 20
4 976 493 24 21
5 500 963 12 16
6 737 354 17 21
7 817 143 21 16
8 229 448 13 14
9 340 634 16 24
10 86 98 24 16
11 633 432 25 18
12 454 37 14 16
13 443 691 23 26
14 279 76 17 24
15 905 833 13 22
16 530 601 10 28
17 79 274 16 24
18 698 849 18 25
19 88 851 17 11
20 560 132 11 21
21 105 909 20 23
22 408 958 15 18
23 383 951 20 26
24 438 694 23 25
25 12 934 13 20
26 268 134 23 22
27 375 503 20 18
28 466 480 15 10
29 624 126 11 26
30 558 63 18 12
31 163 768 19 17
32 226 971 20 10
33 943 782 11 10
34 84 970 12 26
35 298 872 12 10
36 315 283 18 18
37 888 514 13 25
38 359 32 18 21
39 304 940 20 26
40 471 911 26 16
41 278 245 11 11
42 540 156 21 27
43 32 62 20 11
44 11 148 20 21
45 123 87 20 17
46 895 262 26 21
47 574 146 28 15
48 681 185 24 19
49 106 563 25 18
50 718 864 26 16
51 956 52 11 27
52 370 436 23 28
53 445 473 12 24
54 335 687 26 19
55 782 264 19 14
56 899 199 22 18
57 512 748 20 10
58 93 225 19 15
59 352 619 19 21
60 594 769 16 25
61 187 581 15 17
62 414 15 21 16
63 704 571 13 26
64 576 323 24 19
65 264 400 21 14
66 484 966 22 22
67 82 317 22 13
68 745 550 22 26
69 553 768 18 26
70 293 287 29 29
71 310 303 26 19
72 102 153 24 23
73 398 901 7 7
74 926 49 16 20
75 174 762 13 10
76 272 586 12 18
77 278 409 28 20
78 428 638 13 13
79 783 679 11 18
80 922 167 21 10
81 470 155 13 24
82 456 763 20 24
83 467 519 19 21
84 624 407 21 17
85 102 965 11 12
86 191 779 14 11
87 716 265 28 28
88 848 564 19 19
89 45 754 15 16
90 749 365 19 25
91 361 883 23 25
92 236 645 29 25
93 530 317 12 19
94 915 876 12 12
95 374 246 15 20
96 164 810 26 18
97 146 480 22 17
98 422 540 23 12
99 43 148 13 29
100 249 325 29 24
101 301 940 17 10
102 186 327 18 18
103 915 112 21 21
104 719 449 22 29
105 900 329 17 25
106 662 72 19 14
107 203 589 10 15
108 24 211 15 17
109 844 439 10 19
110 792 132 20 12
111 64 885 19 24
112 892 923 25 27
113 254 454 29 22
114 396 218 12 15
115 963 429 17 16
116 907 513 21 26
117 868 531 24 13
118 924 884 13 29
119 243 603 25 24
120 973 787 14 3
121 298 722 19 11
122 307 873 17 26
123 532 900 15 20
124 24 104 22 29
125 621 883 21 13
126 387 903 17 26
127 953 48 17 12
128 172 138 13 19
129 370 861 18 11
130 366 514 20 27
131 325 673 12 14
132 280 862 22 13
133 716 11 15 23
134 734 193 4 3
135 337 362 24 15
136 27 357 27 15
137 930 197 27 14
138 541 2 15 16
139 4 578 26 25
140 834 781 15 24
141 637 730 11 10
142 38 502 26 28
143 485 756 15 29
144 416 203 11 24
145 616 499 23 27
146 156 861 12 22
147 464 32 23 22
148 274 133 11 27
149 945 545 24 25
150 599 356 16 22
151 560 94 24 26
152 734 853 16 24
153 370 127 23 23
154 464 388 10 13
155 607 761 25 16
156 366 346 10 27
157 817 713 26 22
158 776 468 18 28
159 737 859 13 19
160 524 540 29 28
161 50 34 15 25
162 465 835 10 10
163 305 641 10 11
164 301 87 6 16
165 151 484 28 22
166 326 481 16 12
167 502 350 25 18
168 361 214 17 22
169 45 166 19 12
170 833 79 17 10
171 419 524 18 22
172 340 469 28 22
173 157 206 19 20
174 510 741 17 20
175 450 455 19 23
176 325 42 10 21
177 411 218 18 19
178 513 751 12 18
179 152 314 23 14
180 677 702 25 14
181 8 774 16 20
182 539 236 12 18
183 63 681 20 17
184 839 388 22 24
185 177 969 20 28
186 389 606 22 15
187 70 643 12 29
188 849 858 23 28
189 795 93 13 11
190 188 592 18 26
191 676 808 10 16
192 494 898 18 25
193 21 369 10 13
194 52 415 23 18
195 375 316 21 26
196 869 673 25 18
197 53 886 28 27
198 911 711 27 18
199 10 61 27 12
200 648 364 17 15
201 902 343 18 29
202 103 236 14 17
203 398 223 5 5
204 445 496 15 27
205 297 303 11 28
206 127 27 10 26
207 732 188 15 12
208 288 451 18 26
209 298 183 25 23
210 88 947 25 27
211 400 880 13 15
212 227 286 14 13
213 357 111 28 13
214 744 591 13 28
215 903 376 28 22
216 377 723 15 18
217 189 867 11 20
218 74 471 21 26
219 356 547 14 17
220 800 190 22 11
221 223 267 4 14
222 167 866 26 23
223 131 966 20 21
224 951 264 26 24
225 73 185 11 16
226 552 844 17 28
227 327 359 25 25
228 971 926 14 21
229 819 283 10 17
230 343 32 19 18
231 658 71 19 27
232 463 551 11 29
233 833 221 14 16
234 747 954 16 13
235 358 352 19 24
236 309 626 29 23
237 273 211 20 17
238 716 310 14 6
239 444 108 15 21
240 54 902 26 26
241 274 490 12 27
242 621 299 25 20
243 919 56 10 25
244 18 671 24 20
245 176 807 12 12
246 389 970 14 10
247 45 42 25 19
248 56 399 26 22
249 180 808 27 12
250 823 157 22 27
251 665 77 17 14
252 3 697 20 15
253 577 226 27 11
254 79 402 20 13
255 915 370 19 29
256 570 272 25 28
257 962 75 8 5
258 4 539 20 16
259 482 760 13 12
260 700 820 23 16
261 615 355 16 19
262 297 868 11 18
263 383 899 27 16
264 293 956 12 10
265 320 594 13 22
266 488 681 19 15
267 548 882 14 26
268 348 833 29 26
269 454 357 24 17
270 2 541 29 25
271 969 425 21 13
272 220 428 10 15
273 586 291 19 14
274 93 64 24 27
275 172 776 18 10
276 649 132 21 29
277 14 137 29 17
278 302 866 19 17
279 288 329 24 17
280 819 173 27 16
281 231 56 10 29
282 914 103 23 11
283 711 155 11 11
284 673 590 16 23
285 63 178 20 17
286 842 800 12 21
287 302 973 20 17
288 946 595 11 18
289 546 691 17 26
290 560 896 27 26
291 751 208 13 26
292 665 68 12 14
293 326 284 27 16
294 633 609 24 16
295 432 725 20 24
296 623 560 10 25
297 301 270 10 11
298 587 113 27 28
299 232 534 27 10
300 261 87 12 10
301 758 300 15 10
302 430 722 28 14
303 135 0 10 20
304 743 883 29 25
305 544 677 19 15
306 101 400 19 28
307 262 366 18 23
308 729 234 18 10
309 3 146 13 26
310 963 916 12 26
311 265 453 14 16
312 573 25 26 22
313 847 516 25 13
314 189 335 28 16
315 716 595 20 15
316 79 801 12 25
317 785 702 21 12
318 102 9 26 11
319 593 785 29 10
320 450 877 23 29
321 163 236 15 16
322 934 192 12 23
323 338 942 28 28
324 789 10 19 10
325 292 61 19 19
326 11 834 24 10
327 157 283 21 16
328 212 959 21 22
329 639 579 15 24
330 696 560 18 28
331 73 695 20 13
332 289 85 23 21
333 254 96 16 27
334 444 104 11 23
335 819 371 25 29
336 761 656 27 29
337 493 210 10 14
338 197 579 21 25
339 85 173 15 24
340 151 642 22 10
341 672 56 24 21
342 221 263 26 25
343 111 394 11 10
344 57 372 27 28
345 147 179 14 29
346 126 19 25 13
347 640 592 11 15
348 100 795 22 23
349 551 784 27 11
350 540 505 18 11
351 92 312 19 19
352 624 571 15 16
353 55 765 14 22
354 849 686 23 13
355 105 297 25 28
356 756 942 10 16
357 227 788 13 25
358 857 835 28 23
359 675 628 27 20
360 619 519 14 19
361 83 92 25 24
362 579 566 21 10
363 968 914 20 21
364 188 705 20 20
365 159 511 24 16
366 85 377 14 15
367 822 388 18 4
368 432 303 23 11
369 648 603 28 19
370 662 767 24 26
371 353 464 12 11
372 569 771 22 27
373 541 48 18 11
374 687 452 15 10
375 645 799 19 15
376 99 352 14 23
377 11 146 25 22
378 673 631 15 23
379 458 966 29 28
380 817 668 25 16
381 497 280 14 29
382 959 683 16 18
383 163 345 12 19
384 687 29 29 10
385 361 871 24 12
386 864 6 28 18
387 863 658 10 25
388 321 225 16 23
389 473 63 27 24
390 708 874 12 17
391 248 351 14 20
392 227 539 14 22
393 550 58 11 20
394 490 356 10 15
395 361 273 18 21
396 864 312 26 29
397 352 11 17 22
398 892 661 26 29
399 892 511 15 5
400 555 340 22 26
401 346 234 15 27
402 414 308 28 11
403 219 212 28 29
404 505 957 26 18
405 907 672 28 16
406 90 321 25 23
407 195 128 10 27
408 817 179 10 20
409 224 422 22 21
410 72 681 29 17
411 549 506 18 23
412 649 437 14 10
413 433 623 14 20
414 754 203 14 23
415 43 538 20 15
416 194 922 27 25
417 563 138 16 24
418 372 528 17 29
419 958 224 16 26
420 933 218 12 14
421 968 423 20 21
422 478 170 26 16
423 274 487 10 21
424 185 173 20 12
425 898 840 11 13
426 951 667 3 5
427 451 785 28 17
428 811 162 23 29
429 854 161 20 15
430 609 562 14 18
431 928 734 18 26
432 64 640 24 24
433 594 511 27 12
434 789 692 13 10
435 448 321 25 21
436 707 504 18 28
437 609 116 19 11
438 199 475 21 27
439 155 967 20 16
440 467 250 19 29
441 40 528 18 22
442 332 362 17 24
443 630 765 27 19
444 357 538 21 10
445 453 506 6 5
446 14 937 10 21
447 162 813 21 10
448 176 760 19 20
449 10 439 16 27
450 378 739 23 17
451 575 0 10 21
452 13 51 22 26
453 613 219 11 23
454 2 448 18 16
455 903 320 16 14
456 961 445 13 20
457 764 260 29 16
458 955 975 12 12
459 848 452 17 23
460 439 567 28 15
461 299 277 23 28
462 121 904 16 19
463 805 313 11 12
464 303 621 27 22
465 168 335 11 13
466 752 927 22 16
467 925 465 14 17
468 151 848 10 29
469 55 49 14 11
470 547 1 14 17
471 747 448 18 23
472 753 299 11 25
473 171 148 28 17
474 558 765 23 22
475 927 118 12 20
476 317 361 13 11
477 951 802 10 24
478 904 52 17 21
479 437 671 29 25
480 281 287 10 22
481 691 870 21 28
482 435 32 22 10
483 736 724 27 27
484 554 254 21 20
485 781 954 13 29
486 80 805 14 25
487 702 518 27 16
488 608 51 12 10
489 74 466 23 13
490 452 230 23 20
491 468 264 11 10
492 187 648 25 25
493 818 658 14 16
494 517 825 10 22
495 937 211 10 11
496 188 9 28 19
497 968 783 23 24
498 580 98 11 16
499 353 245 18 12
500 418 533 13 26
501 150 220 18 20
502 966 879 16 11
503 304 209 10 22
504 433 462 11 13
505 604 364 10 15
506 389 73 20 15
507 565 518 14 22
508 274 802 12 16
509 139 415 11 16
510 317 487 18 16
511 475 548 22 23
512 133 425 15 8
513 791 100 17 14
514 434 510 18 20
515 580 264 26 21
516 741 599 19 20
517 133 77 18 20
518 826 380 29 18
519 549 161 25 22
520 807 296 26 17
521 920 478 29 15
522 563 96 18 24
523 610 366 17 14
524 848 677 23 16
525 438 51 10 12
526 795 562 22 20
527 307 353 24 13
528 317 330 23 28
529 794 788 10 14
530 67 799 16 23
531 934 283 27 15
532 41 108 21 14
533 32 482 13 21
534 891 959 19 14
535 304 298 17 12
536 115 195 16 22
537 456 514 19 12
538 131 423 22 19
539 949 789 10 17
540 974 236 24 24
541 297 348 24 16
542 676 85 22 11
543 723 447 13 13
544 683 523 10 14
545 948 78 25 22
546 806 816 20 29
547 855 323 19 12
548 642 739 14 23
549 42 163 23 24
550 853 829 25 23
551 99 391 28 23
552 256 428 10 17
553 262 621 16 12
554 417 6 11 29
555 128 218 11 15
556 183 379 10 11
557 530 617 12 27
558 454 890 20 23
559 216 132 26 18
560 715 4 12 29
561 729 236 14 19
562 901 365 12 20
563 548 211 29 19
564 216 689 12 5
565 730 741 13 23
566 270 607 16 24
567 815 201 28 23
568 965 699 16 17
569 307 725 22 10
570 33 60 14 16
571 731 22 12 26
572 515 745 15 18
573 645 137 19 11
574 717 850 17 25
575 946 831 26 11
576 323 607 25 20
577 0 931 20 21
578 253 444 24 21
579 29 277 15 14
580 942 497 17 20
581 918 712 22 13
582 636 429 22 12
583 198 3 29 21
584 595 746 18 17
585 360 910 29 21
586 884 5 12 26
587 296 199 23 15
588 439 320 17 14
589 598 912 13 19
590 792 880 13 11
591 310 544 17 16
592 310 107 10 17
593 55 893 12 23
594 606 586 29 21
595 238 574 23 16
596 327 38 25 24
597 317 761 28 18
598 470 834 21 19
599 678 549 19 24
600 737 463 11 16
601 931 610 24 13
602 59 375 24 15
603 2 707 11 28
604 590 269 25 12
605 900 339 23 17
606 427 763 29 10
607 434 613 18 15
608 15 761 21 24
609 81 950 25 24
610 277 291 26 10
611 528 889 26 22
612 185 788 11 21
613 523 910 28 29
614 111 279 27 19
615 909 331 4 19
616 844 67 28 20
617 466 472 28 19
618 257 24 20 14
619 931 301 17 12
620 806 7 20 15
621 449 549 29 14
622 127 137 16 14
623 517 115 13 22
624 878 950 14 19
625 958 97 11 27
626 548 172 11 27
627 702 758 14 15
628 423 844 21 14
629 28 295 14 21
630 592 888 21 12
631 468 475 21 24
632 962 961 20 23
633 319 120 21 18
634 62 910 10 18
635 130 464 14 23
636 976 942 21 11
637 755 560 10 22
638 96 795 27 24
639 964 210 11 22
640 81 464 13 17
641 122 34 18 22
642 365 100 18 25
643 148 22 22 16
644 917 48 14 28
645 638 251 9 6
646 236 272 28 23
647 939 132 16 12
648 424 138 23 21
649 508 359 3 8
650 592 594 19 24
651 491 5 17 24
652 123 543 22 14
653 543 227 17 25
654 35 266 13 19
655 648 60 12 14
656 359 25 13 27
657 531 547 29 23
658 11 903 13 17
659 972 284 16 16
660 427 310 22 24
661 466 248 19 28
662 365 112 14 18
663 603 584 24 11
664 515 624 11 12
665 190 590 20 25
666 673 770 28 25
667 187 902 11 28
668 320 356 10 15
669 152 222 8 7
670 498 752 15 26
671 779 691 25 20
672 650 412 29 10
673 816 18 11 24
674 195 2 11 13
675 604 55 12 10
676 330 430 28 25
677 340 43 27 15
678 506 351 28 20
679 422 924 21 13
680 550 41 27 21
681 909 232 14 21
682 873 498 21 29
683 606 363 13 18
684 588 606 11 22
685 461 296 12 17
686 23 875 10 27
687 159 321 12 10
688 3 131 15 23
689 475 264 16 14
690 704 315 21 18
691 735 319 13 27
692 826 24 11 22
693 555 200 26 21
694 440 314 14 11
695 116 109 28 10
696 169 800 17 16
697 20 887 15 27
698 13 143 27 20
699 712 7 24 27
700 519 619 21 12
701 680 170 16 19
702 127 159 27 29
703 100 306 11 24
704 19 825 18 10
705 600 232 21 24
706 480 16 12 20
707 277 863 22 19
708 693 324 22 17
709 419 49 22 16
710 397 285 24 25
711 11 104 16 19
712 77 516 18 19
713 936 726 19 22
714 843 474 11 16
715 557 313 22 23
716 965 954 20 18
717 123 832 14 23
718 107 68 17 29
719 194 23 21 26
720 514 42 23 16
721 831 717 25 13
722 848 788 11 21
723 538 792 16 19
724 845 296 26 23
725 29 46 12 26
726 463 265 23 17
727 653 48 29 26
728 302 275 21 19
729 89 211 20 13
730 683 709 21 22
731 523 50 19 25
732 599 110 25 26
733 500 123 29 24
734 54 805 28 28
735 953 696 28 22
736 78 659 17 24
737 485 481 13 28
738 423 50 23 23
739 56 655 29 13
740 671 529 11 21
741 321 369 13 14
742 515 859 18 17
743 778 687 24 19
744 445 712 14 11
745 683 499 21 27
746 95 392 25 29
747 340 25 19 14
748 92 799 14 12
749 294 964 14 29
750 344 282 19 25
751 906 671 26 22
752 639 673 15 26
753 565 207 25 12
754 923 110 28 27
755 574 524 21 14
756 170 241 27 20
757 123 32 17 17
758 611 926 26 26
759 804 306 25 18
760 729 104 16 12
761 513 331 21 19
762 169 640 12 20
763 549 842 26 12
764 940 807 21 28
765 182 970 11 17
766 793 34 11 17
767 732 849 12 12
768 19 918 21 20
769 928 787 17 23
770 824 374 28 22
771 821 174 18 14
772 774 799 24 25
773 375 231 29 20
774 225 725 16 26
775 404 613 10 14
776 855 535 15 11
777 337 460 29 22
778 446 17 27 24
779 39 644 21 28
780 854 114 26 16
781 275 596 19 10
782 920 164 21 22
783 326 663 22 27
784 36 765 19 17
785 811 310 20 12
786 883 815 13 14
787 251 182 11 17
788 565 32 20 14
789 122 354 19 16
790 946 432 19 19
791 164 630 23 23
792 953 790 20 26
793 911 756 10 26
794 908 655 27 27
795 75 305 11 17
796 491 614 26 26
797 902 495 23 21
798 164 644 19 28
799 467 308 27 11
800 407 7 29 16
801 920 207 14 22
802 579 10 10 21
803 442 300 29 17
804 933 369 17 25
805 98 69 24 25
806 607 951 23 19
807 33 896 26 14
808 648 664 12 27
809 962 783 16 20
810 589 731 16 27
811 137 975 13 14
812 94 534 13 16
813 758 461 12 12
814 645 649 27 16
815 102 549 24 13
816 677 440 19 17
817 932 621 28 27
818 293 980 19 11
819 35 727 14 21
820 807 6 14 12
821 714 380 25 27
822 252 578 12 11
823 20 898 13 10
824 540 303 19 19
825 358 556 8 3
826 816 650 15 24
827 484 222 15 15
828 314 409 21 29
829 107 193 27 18
830 774 614 23 28
831 620 309 12 16
832 846 550 24 27
833 775 451 15 23
834 129 429 20 18
835 411 832 14 28
836 832 186 26 18
837 101 567 18 23
838 837 462 26 25
839 720 544 26 28
840 84 157 29 26
841 363 259 24 23
842 261 604 16 21
843 131 818 16 28
844 635 249 16 15
845 435 630 26 11
846 732 324 29 28
847 336 677 27 24
848 209 780 23 17
849 169 377 21 13
850 62 190 24 20
851 821 208 27 19
852 923 666 16 25
853 948 605 6 4
854 252 573 20 13
855 174 169 20 23
856 209 574 26 24
857 191 144 15 21
858 829 657 16 24
859 766 704 14 25
860 175 260 15 28
861 589 887 16 13
862 8 569 23 16
863 817 5 11 19
864 394 729 27 29
865 347 893 18 21
866 893 14 19 18
867 1 754 10 29
868 635 606 29 17
869 489 950 20 23
870 371 146 19 29
871 264 431 18 29
872 506 260 17 26
873 24 896 11 25
874 317 557 13 11
875 83 252 18 22
876 105 964 21 18
877 174 528 28 11
878 385 597 26 15
879 557 84 20 21
880 232 179 27 11
881 234 49 29 25
882 471 973 25 23
883 513 871 29 25
884 819 224 17 11
885 462 970 17 18
886 38 761 20 28
887 510 702 14 17
888 638 786 29 14
889 643 147 29 27
890 909 221 28 25
891 342 927 17 21
892 635 839 17 29
893 686 210 24 16
894 671 80 20 21
895 148 943 13 24
896 627 887 28 20
897 811 191 28 15
898 477 368 28 27
899 841 110 17 14
900 296 210 10 29
901 843 85 14 13
902 408 362 25 29
903 80 295 22 12
904 462 962 23 26
905 755 834 23 23
906 665 516 21 13
907 564 64 19 12
908 215 226 11 28
909 149 631 16 27
910 536 421 29 13
911 739 864 18 21
912 537 866 19 26
913 614 570 15 22
914 150 18 29 28
915 693 763 15 26
916 503 160 18 23
917 426 547 27 29
918 351 694 15 21
919 50 532 10 13
920 702 26 11 27
921 134 201 22 10
922 224 704 24 11
923 70 795 18 13
924 99 310 14 28
925 4 897 13 25
926 657 664 21 23
927 632 731 15 19
928 396 732 10 17
929 167 971 25 12
930 972 256 19 11
931 689 568 12 14
932 64 156 23 15
933 854 705 26 11
934 101 201 11 21
935 469 52 10 20
936 642 723 10 25
937 822 463 23 29
938 393 715 15 27
939 818 666 26 14
940 143 585 25 17
941 351 103 13 28
942 551 175 17 25
943 744 817 28 24
944 652 342 14 23
945 272 451 17 28
946 546 422 16 10
947 116 50 15 15
948 790 940 11 29
949 843 90 19 14
950 962 415 28 22
951 405 854 28 22
952 341 426 21 15
953 351 116 17 22
954 509 695 13 19
955 258 344 26 25
956 306 746 24 27
957 371 308 14 17
958 31 103 13 12
959 361 948 16 20
960 866 8 23 11
961 66 673 29 28
962 296 878 18 15
963 470 633 14 18
964 724 361 24 23
965 662 604 29 28
966 607 902 25 19
967 242 728 18 25
968 878 267 21 19
969 762 921 19 27
970 795 27 12 23
971 254 123 17 21
972 157 975 29 24
973 52 174 26 19
974 142 388 29 25
975 36 57 19 15
976 392 576 17 22
977 787 560 16 24
978 548 496 27 23
979 764 387 23 29
980 934 469 16 16
981 12 68 26 17
982 189 645 11 20
983 459 467 17 17
984 72 267 29 12
985 77 454 25 21
986 613 572 19 29
987 265 338 25 16
988 550 896 28 16
989 215 170 21 28
990 467 284 20 27
991 38 269 29 14
992 439 34 28 17
993 955 885 29 14
994 126 399 17 19
995 630 682 14 12
996 116 277 14 23
997 421 378 27 18
998 825 296 26 12
999 243 461 10 23
1000 142 117 15 28
1001 187 361 18 10
1002 632 858 10 20
1003 250 407 26 23
1004 923 741 12 14
1005 44 542 21 11
1006 977 706 21 13
1007 451 370 17 25
1008 98 211 22 10
1009 629 445 10 12
1010 691 481 26 10
1011 850 788 17 24
1012 302 284 28 25
1013 764 532 24 21
1014 13 784 16 27
1015 904 392 19 21
1016 720 324 23 24
1017 738 244 28 24
1018 808 389 26 24
1019 279 179 18 27
1020 171 752 14 23
1021 542 216 29 17
1022 338 366 14 15
1023 666 627 20 21
1024 149 37 10 11
1025 711 624 18 22
1026 787 635 20 18
1027 649 611 16 22
1028 523 815 23 13
1029 561 850 27 14
1030 221 436 15 27
1031 179 344 18 13
1032 54 47 24 14
1033 717 8 28 13
1034 534 411 25 14
1035 685 660 14 16
1036 944 489 19 22
1037 95 169 18 13
1038 325 424 18 13
1039 303 465 10 15
1040 65 857 25 29
1041 434 757 21 26
1042 298 179 18 12
1043 323 209 17 22
1044 665 168 18 17
1045 212 781 17 23
1046 466 92 21 29
1047 847 473 17 19
1048 11 144 25 17
1049 247 575 26 13
1050 744 815 18 11
1051 439 116 15 29
1052 800 890 19 19
1053 98 5 11 20
1054 87 543 14 21
1055 255 277 29 16
1056 585 231 19 25
1057 530 934 21 24
1058 879 113 19 22
1059 210 786 25 19
1060 316 478 19 20
1061 889 509 23 10
1062 130 105 27 26
1063 606 565 22 16
1064 456 54 18 20
1065 523 588 15 25
1066 536 170 11 10
1067 842 244 28 10
1068 133 31 24 15
1069 126 115 18 26
1070 164 37 13 24
1071 36 757 18 21
1072 417 219 25 20
1073 65 257 29 20
1074 74 421 13 18
1075 669 579 29 26
1076 252 711 13 20
1077 97 362 14 26
1078 108 973 23 25
1079 951 124 14 12
1080 907 681 18 29
1081 707 267 13 16
1082 402 936 19 24
1083 756 706 16 29
1084 632 299 14 16
1085 864 820 27 17
1086 825 75 10 22
1087 564 158 28 21
1088 52 48 21 16
1089 243 341 18 22
1090 469 517 23 12
1091 392 75 13 23
1092 147 586 13 21
1093 423 924 14 24
1094 772 637 23 25
1095 608 737 26 28
1096 546 403 26 29
1097 86 550 13 13
1098 196 501 24 13
1099 208 739 22 24
1100 714 307 25 13
1101 348 341 26 12
1102 932 489 10 17
1103 107 182 15 20
1104 693 147 19 28
1105 720 832 18 25
1106 866 101 16 18
1107 352 921 24 20
1108 392 869 18 10
1109 92 173 15 25
1110 135 459 11 19
1111 954 413 22 29
1112 848 872 27 17
1113 470 538 28 10
1114 761 446 10 16
1115 482 666 23 28
1116 21 203 17 16
1117 179 955 29 26
1118 587 757 23 27
1119 765 529 19 13
1120 261 596 20 13
1121 320 625 10 24
1122 394 299 10 12
1123 577 320 27 28
1124 539 259 20 23
1125 296 263 20 24
1126 596 596 19 14
1127 847 426 25 28
1128 82 171 11 22
1129 547 887 10 22
1130 415 638 18 20
1131 627 40 26 29
1132 132 209 12 19
1133 137 349 12 26
1134 860 516 12 29
1135 224 432 21 23
1136 617 725 11 14
1137 677 675 13 18
1138 613 929 20 15
1139 819 832 27 25
1140 828 173 27 23
1141 664 418 15 27
1142 141 115 26 22
1143 167 219 22 20
1144 907 71 18 29
1145 454 578 15 18
1146 729 309 13 23
1147 833 711 24 14
1148 731 357 11 21
1149 598 607 24 26
1150 563 891 14 23
1151 292 219 10 22
1152 976 670 11 13
1153 153 503 22 12
1154 687 526 24 13
1155 929 296 11 26
1156 270 174 26 18
1157 962 204 27 25
1158 839 261 10 17
1159 19 47 15 28
1160 302 215 21 16
1161 301 319 22 21
1162 721 456 13 19
1163 437 896 21 25
1164 723 215 25 22
1165 407 219 14 18
1166 196 646 15 24
1167 570 204 29 25
1168 725 62 10 15
1169 316 645 20 29
1170 721 91 23 18
1171 365 830 18 19
1172 264 644 29 28
1173 357 427 20 18
1174 453 553 27 28
1175 701 174 17 27
1176 668 658 21 11
1177 109 355 10 16
1178 442 356 19 15
1179 913 59 12 14
1180 908 89 20 24
1181 431 13 26 19
1182 953 817 17 15
1183 292 856 12 27
1184 185 351 14 26
1185 443 504 20 26
1186 427 638 18 11
1187 257 480 17 20
1188 43 256 25 24
1189 249 461 19 22
1190 875 472 24 16
1191 197 896 26 28
1192 707 264 18 12
1193 34 140 20 17
1194 843 235 13 29
1195 765 840 9 10
1196 288 242 11 16
1197 962 979 27 17
1198 885 956 11 25
1199 175 500 21 29
1200 724 74 22 15
1201 528 913 16 19
1202 786 117 14 22
1203 629 619 20 11
1204 366 734 18 28
1205 592 569 10 24
1206 519 31 13 15
1207 561 54 11 18
1208 93 327 20 17
1209 220 711 29 12
1210 343 287 11 15
1211 942 665 21 10
1212 357 559 17 22
1213 180 966 26 26
1214 721 24 29 20
1215 941 288 13 13
1216 178 884 21 19
1217 214 687 17 10
1218 304 316 14 26
1219 321 4 14 22
1220 21 601 11 12
1221 621 301 26 29
1222 882 475 17 27
1223 131 107 15 11
1224 373 559 12 17
1225 271 602 13 28
1226 189 969 20 21
1227 960 67 15 18
1228 736 742 24 21
1229 252 622 28 10
1230 237 139 22 17
1231 698 314 13 17
1232 1 582 10 19
1233 699 634 24 13
1234 561 225 21 19
1235 747 563 28 11
1236 240 446 22 24
1237 59 764 14 14
1238 523 985 20 14
1239 438 898 27 11
1240 13 296 18 19
1241 177 751 13 19
1242 648 667 21 19
1243 358 364 20 23
1244 929 127 5 6
1245 664 114 22 25
1246 668 930 11 13
1247 13 317 28 26
1248 590 363 19 24
1249 481 239 22 28
1250 145 24 22 24
1251 101 147 28 19
1252 506 743 21 19
1253 273 796 20 22
1254 683 485 11 20
1255 468 244 13 13
1256 613 689 26 16
1257 912 935 23 21
1258 670 818 10 16
1259 269 35 14 15
1260 971 213 17 18
1261 480 539 23 20
1262 209 427 17 16
1263 526 987 12 9
1264 447 104 28 17
1265 526 333 28 23
1266 554 169 11 11
1267 902 379 23 26
1268 843 461 26 22
1269 911 327 18 12
1270 154 664 25 18
1271 319 17 19 29
1272 556 499 14 11
1273 134 911 13 12
1274 378 88 14 15
1275 134 161 11 17
1276 857 175 23 24
1277 546 56 26 26
1278 954 439 17 28
1279 278 128 14 17
1280 539 363 17 18
1281 27 744 16 16
1282 695 314 25 25
1283 975 678 10 26
1284 179 637 23 29
1285 108 65 17 13
1286 266 439 13 17
1287 469 57 13 17
1288 82 821 16 15
1289 577 717 15 28
1290 618 961 19 22
1291 477 159 27 10
1292 731 427 15 24
1293 39 335 14 26
1294 657 926 16 27
1295 142 956 24 22
1296 615 510 12 11
1297 402 869 23 25
1298 918 764 16 14
1299 829 667 18 15
1300 946 538 13 27
1301 889 936 24 27
1302 985 510 11 21
1303 191 710 14 22
1304 472 649 12 17
1305 833 71 25 14
1306 693 253 20 23
1307 921 744 12 16
1308 852 301 14 19
1309 654 593 11 14
1310 633 389 15 28
1311 860 229 18 18
1312 938 820 27 15
1313 118 797 23 20
1314 429 361 17 23
1315 566 357 16 25
1316 694 193 16 22
1317 181 772 17 26
1318 190 182 26 16
1319 193 358 11 19
1320 79 304 18 19
1321 242 622 27 18
1322 533 373 16 23
1323 589 764 14 16